0.7188530254731754 0 9 JMSD
0.7188530254731754 1 9 JMSD
0.7189663755197068 2 9 JMSD
0.7186885067752024 3 9 JMSD
0.7179346130262475 4 9 JMSD
0.717422700840813 5 9 JMSD
0.7156806347099817 6 9 JMSD
0.7151794509414897 7 9 JMSD
0.7204329623749571 8 9 JMSD
100 9 9 JMSD
0.7276652009672958 0 8 JMSD
0.7276652009672958 1 8 JMSD
0.7277690909309781 2 8 JMSD
0.7274818151677772 3 8 JMSD
0.7274684171328611 4 8 JMSD
0.7272489390686973 5 8 JMSD
0.725807258955628 6 8 JMSD
0.7255956112830718 7 8 JMSD
0.7290975830381805 8 8 JMSD
0.7401595296679947 0 7 JMSD
0.7401595296679947 1 7 JMSD
0.7402582269315925 2 7 JMSD
0.7399666086897495 3 7 JMSD
0.7397710479318541 4 7 JMSD
0.7396785977675026 5 7 JMSD
0.738253284459129 6 7 JMSD
0.7379867369914329 7 7 JMSD
0.741498218373359 0 6 JMSD
0.741498218373359 1 6 JMSD
0.7416037293165252 2 6 JMSD
0.741298257567498 3 6 JMSD
0.7410800011434133 4 6 JMSD
0.7410194397268876 5 6 JMSD
0.7396370127150933 6 6 JMSD
0.7437245891311608 0 5 JMSD
0.7437245891311608 1 5 JMSD
0.743809073294636 2 5 JMSD
0.7435014186087401 3 5 JMSD
0.7432890491820151 4 5 JMSD
0.743246276595722 5 5 JMSD
0.750224222120705 0 4 JMSD
0.750224222120705 1 4 JMSD
0.7503090991089201 2 4 JMSD
0.7499824746400394 3 4 JMSD
0.7497761136699257 4 4 JMSD
0.7578231956317633 0 3 JMSD
0.7578231956317633 1 3 JMSD
0.7579020616112593 2 3 JMSD
0.7576569988300457 3 3 JMSD
0.7578735323888357 0 2 JMSD
0.7578735323888357 1 2 JMSD
0.7578735930189193 2 2 JMSD
0.7577917890935887 0 1 JMSD
0.7577917890935887 1 1 JMSD
0.7577917890935887 0 0 JMSD
0.7313713806805182 0 9 PCC
0.7313713806805182 1 9 PCC
0.73135372916752 2 9 PCC
0.731349633086975 3 9 PCC
0.7313385882454705 4 9 PCC
0.731501161709785 5 9 PCC
0.7312776895316299 6 9 PCC
0.7297158699288528 7 9 PCC
0.7275610101718524 8 9 PCC
100 9 9 PCC
0.7225129686832436 0 8 PCC
0.7225129686832436 1 8 PCC
0.7224967749425614 2 8 PCC
0.7224926558499397 3 8 PCC
0.7224835542503703 4 8 PCC
0.7226387810216429 5 8 PCC
0.7224587233472758 6 8 PCC
0.7221342516959586 7 8 PCC
0.7290975830381805 8 8 PCC
0.7389348544918797 0 7 PCC
0.7389348544918797 1 7 PCC
0.7389187833197104 2 7 PCC
0.7389147347985544 3 7 PCC
0.7389067514232502 4 7 PCC
0.7390652300412719 5 7 PCC
0.7388992728245249 6 7 PCC
0.7379867369914329 7 7 PCC
0.7397129828281034 0 6 PCC
0.7397129828281034 1 6 PCC
0.7396975133589007 2 6 PCC
0.7396931442431814 3 6 PCC
0.7396834565050195 4 6 PCC
0.7398093227646759 5 6 PCC
0.7396370127150933 6 6 PCC
0.7432741358995658 0 5 PCC
0.7432741358995658 1 5 PCC
0.7432606708905395 2 5 PCC
0.7432602668558499 3 5 PCC
0.7432493868651877 4 5 PCC
0.743246276595722 5 5 PCC
0.7497902163899134 0 4 PCC
0.7497902163899134 1 4 PCC
0.7497793001031718 2 4 PCC
0.7497834868983123 3 4 PCC
0.7497761136699257 4 4 PCC
0.7576680963193609 0 3 PCC
0.7576680963193609 1 3 PCC
0.7576574432350289 2 3 PCC
0.7576569988300457 3 3 PCC
0.7578816883736261 0 2 PCC
0.7578816883736261 1 2 PCC
0.7578735930189193 2 2 PCC
0.7577917890935887 0 1 PCC
0.7577917890935887 1 1 PCC
0.7577917890935887 0 0 PCC
0.7213390112520424 0 9 CPCC
0.7213390112520424 1 9 CPCC
0.7213390112520424 2 9 CPCC
0.7212746685732836 3 9 CPCC
0.7211679523507106 4 9 CPCC
0.7201664713484572 5 9 CPCC
0.7168105310014994 6 9 CPCC
0.7169364075724091 7 9 CPCC
0.7270069271668378 8 9 CPCC
100 9 9 CPCC
0.7201782903166369 0 8 CPCC
0.7201782903166369 1 8 CPCC
0.7201782903166369 2 8 CPCC
0.7201098418377678 3 8 CPCC
0.7200037261984799 4 8 CPCC
0.7196948548096469 5 8 CPCC
0.7168352172391 6 8 CPCC
0.7170444685877263 7 8 CPCC
0.7290975830381805 8 8 CPCC
0.7428615091687814 0 7 CPCC
0.7428615091687814 1 7 CPCC
0.7428615091687814 2 7 CPCC
0.7428207045353036 3 7 CPCC
0.7427114947159975 4 7 CPCC
0.7414749042809629 5 7 CPCC
0.7379098458808205 6 7 CPCC
0.7379867369914329 7 7 CPCC
0.7440529563048598 0 6 CPCC
0.7440529563048598 1 6 CPCC
0.7440529563048598 2 6 CPCC
0.7440107525188333 3 6 CPCC
0.7438903850393845 4 6 CPCC
0.742911366989966 5 6 CPCC
0.7396370127150933 6 6 CPCC
0.7446845581820104 0 5 CPCC
0.7446845581820104 1 5 CPCC
0.7446845581820104 2 5 CPCC
0.7445954164328753 3 5 CPCC
0.7444693435200893 4 5 CPCC
0.743246276595722 5 5 CPCC
0.7500639538107814 0 4 CPCC
0.7500639538107814 1 4 CPCC
0.7500639538107814 2 4 CPCC
0.7499260525565097 3 4 CPCC
0.7497761136699257 4 4 CPCC
0.7578011387427934 0 3 CPCC
0.7578011387427934 1 3 CPCC
0.7578011387427934 2 3 CPCC
0.7576569988300457 3 3 CPCC
0.7578735930189193 0 2 CPCC
0.7578735930189193 1 2 CPCC
0.7578735930189193 2 2 CPCC
0.7577917890935887 0 1 CPCC
0.7577917890935887 1 1 CPCC
0.7577917890935887 0 0 CPCC
0.728113741338744 0 9 SPCC
0.728113741338744 1 9 SPCC
0.728111201322262 2 9 SPCC
0.7281227298577231 3 9 SPCC
0.7281256149931943 4 9 SPCC
0.7282376002648776 5 9 SPCC
0.7280618935679126 6 9 SPCC
0.7275573365522807 7 9 SPCC
0.7258426493725896 8 9 SPCC
100 9 9 SPCC
0.7252339245370472 0 8 SPCC
0.7252339245370472 1 8 SPCC
0.7252318884533041 2 8 SPCC
0.7252449589664791 3 8 SPCC
0.7252454669620257 4 8 SPCC
0.7253441493192407 5 8 SPCC
0.725159845981894 6 8 SPCC
0.7246691574248766 7 8 SPCC
0.7290975830381805 8 8 SPCC
0.7384338446369726 0 7 SPCC
0.7384338446369726 1 7 SPCC
0.7384318741001953 2 7 SPCC
0.7384454936309506 3 7 SPCC
0.7384441900561489 4 7 SPCC
0.7385230230743987 5 7 SPCC
0.7383226793251811 6 7 SPCC
0.7379867369914329 7 7 SPCC
0.7397530633108637 0 6 SPCC
0.7397530633108637 1 6 SPCC
0.7397516085601853 2 6 SPCC
0.7397602399272051 3 6 SPCC
0.739763595783848 4 6 SPCC
0.7398073945450672 5 6 SPCC
0.7396370127150933 6 6 SPCC
0.7432418162928242 0 5 SPCC
0.7432418162928242 1 5 SPCC
0.7432417778128555 2 5 SPCC
0.7432419185230816 3 5 SPCC
0.74324259522465 4 5 SPCC
0.743246276595722 5 5 SPCC
0.7497761380496549 0 4 SPCC
0.7497761380496549 1 4 SPCC
0.7497761049916276 2 4 SPCC
0.7497761683416965 3 4 SPCC
0.7497761136699257 4 4 SPCC
0.7576570172596003 0 3 SPCC
0.7576570172596003 1 3 SPCC
0.7576570008850153 2 3 SPCC
0.7576569988300457 3 3 SPCC
0.7578736018686377 0 2 SPCC
0.7578736018686377 1 2 SPCC
0.7578735930189193 2 2 SPCC
0.7577917890935887 0 1 SPCC
0.7577917890935887 1 1 SPCC
0.7577917890935887 0 0 SPCC
0.7187959442629619 0 9 Jaccard
0.7187959442629619 1 9 Jaccard
0.7189128943392993 2 9 Jaccard
0.7186488808127534 3 9 Jaccard
0.7181561213253274 4 9 Jaccard
0.718033622363359 5 9 Jaccard
0.7164842800374845 6 9 Jaccard
0.7162182164755768 7 9 Jaccard
0.7229139543168535 8 9 Jaccard
100 9 9 Jaccard
0.7261620064056117 0 8 Jaccard
0.7261620064056117 1 8 Jaccard
0.7262557876238439 2 8 Jaccard
0.7259917589698478 3 8 Jaccard
0.725927837410359 4 8 Jaccard
0.7258271222680327 5 8 Jaccard
0.7244598662824147 6 8 Jaccard
0.7242203783117838 7 8 Jaccard
0.7290975830381805 8 8 Jaccard
0.7399767329606067 0 7 Jaccard
0.7399767329606067 1 7 Jaccard
0.7400598557905358 2 7 Jaccard
0.7397925393436795 3 7 Jaccard
0.7396215162135835 4 7 Jaccard
0.7395778593917371 5 7 Jaccard
0.7382702704122982 6 7 Jaccard
0.7379867369914329 7 7 Jaccard
0.74131893988326 0 6 Jaccard
0.74131893988326 1 6 Jaccard
0.7413970877043229 2 6 Jaccard
0.7411104761026114 3 6 Jaccard
0.7409468646363758 4 6 Jaccard
0.7409352446258558 5 6 Jaccard
0.7396370127150933 6 6 Jaccard
0.7437400843680241 0 5 Jaccard
0.7437400843680241 1 5 Jaccard
0.743803785567765 2 5 Jaccard
0.7435134504303936 3 5 Jaccard
0.743291804672924 4 5 Jaccard
0.743246276595722 5 5 Jaccard
0.7502452958248069 0 4 Jaccard
0.7502452958248069 1 4 Jaccard
0.7502999863945389 2 4 Jaccard
0.7499967930558761 3 4 Jaccard
0.7497761136699257 4 4 Jaccard
0.7578474853940085 0 3 Jaccard
0.7578474853940085 1 3 Jaccard
0.7578947860840287 2 3 Jaccard
0.7576569988300457 3 3 Jaccard
0.7578689043292678 0 2 Jaccard
0.7578689043292678 1 2 Jaccard
0.7578735930189193 2 2 Jaccard
0.7577917890935887 0 1 Jaccard
0.7577917890935887 1 1 Jaccard
0.7577917890935887 0 0 Jaccard
0.7843144515678963 0 9 MSD
0.7843144515678963 1 9 MSD
0.7826116932436176 2 9 MSD
0.7825241168703899 3 9 MSD
0.7808227649064342 4 9 MSD
0.7732598189825859 5 9 MSD
0.7638236752235769 6 9 MSD
0.7605722272613413 7 9 MSD
0.7564519842286823 8 9 MSD
100 9 9 MSD
0.7885117041948152 0 8 MSD
0.7886593073196444 1 8 MSD
0.7875756457900278 2 8 MSD
0.7854066180788157 3 8 MSD
0.7841718080211404 4 8 MSD
0.7762578618805895 5 8 MSD
0.7680512182167973 6 8 MSD
0.7636806103711855 7 8 MSD
0.7290975830381805 8 8 MSD
0.8484585676319113 0 7 MSD
0.8483477496384112 1 7 MSD
0.8429534306052596 2 7 MSD
0.8367627220476521 3 7 MSD
0.8007355094538725 4 7 MSD
0.7770979637894231 5 7 MSD
0.7573155043368139 6 7 MSD
0.7379867369914329 7 7 MSD
0.8303536809422628 0 6 MSD
0.829688008728899 1 6 MSD
0.8223213597584931 2 6 MSD
0.8179113241394117 3 6 MSD
0.7879213113966796 4 6 MSD
0.7685566316656189 5 6 MSD
0.7396370127150933 6 6 MSD
0.8190489979759575 0 5 MSD
0.8187677990178268 1 5 MSD
0.808287335870741 2 5 MSD
0.8028402658941164 3 5 MSD
0.7740018839027237 4 5 MSD
0.743246276595722 5 5 MSD
0.7911816421071692 0 4 MSD
0.7906498172547153 1 4 MSD
0.781248560569624 2 4 MSD
0.7750991374844551 3 4 MSD
0.7497761136699257 4 4 MSD
0.7789746052547819 0 3 MSD
0.7786145893287566 1 3 MSD
0.7683760292500739 2 3 MSD
0.7576569988300457 3 3 MSD
0.7752488378720326 0 2 MSD
0.77465289220128 1 2 MSD
0.7578735930189193 2 2 MSD
0.7586061692633005 0 1 MSD
0.7577917890935887 1 1 MSD
0.7577917890935887 0 0 MSD
0.7157311961333639 0 9 COS
0.7157311961333639 1 9 COS
0.7158251036771415 2 9 COS
0.7155421061342168 3 9 COS
0.715654594766526 4 9 COS
0.7155178297445267 5 9 COS
0.7141783634516617 6 9 COS
0.7141101543126641 7 9 COS
0.722528671093589 8 9 COS
100 9 9 COS
0.7233783242985885 0 8 COS
0.7233783242985885 1 8 COS
0.7234692421453602 2 8 COS
0.7232010583063299 3 8 COS
0.7234296583210744 4 8 COS
0.723218572160198 5 8 COS
0.7218270192031717 6 8 COS
0.7217470088501697 7 8 COS
0.7290975830381805 8 8 COS
0.7399595148166008 0 7 COS
0.7399595148166008 1 7 COS
0.740029134004997 2 7 COS
0.7397637844752492 3 7 COS
0.7395861833705781 4 7 COS
0.7395288404474758 5 7 COS
0.7382604364777386 6 7 COS
0.7379867369914329 7 7 COS
0.7416430468276216 0 6 COS
0.7416430468276216 1 6 COS
0.7417136633841991 2 6 COS
0.7414334954134886 3 6 COS
0.7410890444393136 4 6 COS
0.7410060567418859 5 6 COS
0.7396370127150933 6 6 COS
0.7441630094669633 0 5 COS
0.7441630094669633 1 5 COS
0.7442299825166766 2 5 COS
0.7439275638386426 3 5 COS
0.7434515082950286 4 5 COS
0.743246276595722 5 5 COS
0.7498479091206284 0 4 COS
0.7498479091206284 1 4 COS
0.7499026311947194 2 4 COS
0.7495997360341846 3 4 COS
0.7497761136699257 4 4 COS
0.7578882311494591 0 3 COS
0.7578882311494591 1 3 COS
0.757931093909222 2 3 COS
0.7576569988300457 3 3 COS
0.7578359914435329 0 2 COS
0.7578359914435329 1 2 COS
0.7578735930189193 2 2 COS
0.7577917890935887 0 1 COS
0.7577917890935887 1 1 COS
0.7577917890935887 0 0 COS
0.7313713806805182 0 9 ACOS
0.7313713806805182 1 9 ACOS
0.73135372916752 2 9 ACOS
0.731349633086975 3 9 ACOS
0.7313385882454705 4 9 ACOS
0.731501161709785 5 9 ACOS
0.7312776895316299 6 9 ACOS
0.7297158699288526 7 9 ACOS
0.7275610101718524 8 9 ACOS
100 9 9 ACOS
0.7225129686832436 0 8 ACOS
0.7225129686832436 1 8 ACOS
0.7224967749425614 2 8 ACOS
0.7224926558499397 3 8 ACOS
0.7224835542503703 4 8 ACOS
0.7226387810216429 5 8 ACOS
0.7224587233472758 6 8 ACOS
0.7221342516959586 7 8 ACOS
0.7290975830381805 8 8 ACOS
0.7389348544918797 0 7 ACOS
0.7389348544918797 1 7 ACOS
0.7389187833197104 2 7 ACOS
0.7389147347985544 3 7 ACOS
0.7389067514232502 4 7 ACOS
0.7390652300412719 5 7 ACOS
0.7388992728245249 6 7 ACOS
0.7379867369914329 7 7 ACOS
0.7397129828281034 0 6 ACOS
0.7397129828281034 1 6 ACOS
0.7396975133589007 2 6 ACOS
0.7396931442431814 3 6 ACOS
0.7396834565050195 4 6 ACOS
0.7398093227646759 5 6 ACOS
0.7396370127150933 6 6 ACOS
0.7432741358995658 0 5 ACOS
0.7432741358995658 1 5 ACOS
0.7432606708905395 2 5 ACOS
0.7432602668558499 3 5 ACOS
0.7432493868651877 4 5 ACOS
0.743246276595722 5 5 ACOS
0.7497902163899134 0 4 ACOS
0.7497902163899134 1 4 ACOS
0.7497793001031718 2 4 ACOS
0.7497834868983123 3 4 ACOS
0.7497761136699257 4 4 ACOS
0.7576680963193609 0 3 ACOS
0.7576680963193609 1 3 ACOS
0.7576574432350289 2 3 ACOS
0.7576569988300457 3 3 ACOS
0.7578816883736261 0 2 ACOS
0.7578816883736261 1 2 ACOS
0.7578735930189193 2 2 ACOS
0.7577917890935887 0 1 ACOS
0.7577917890935887 1 1 ACOS
0.7577917890935887 0 0 ACOS
