0.5 -0.5 0.7379867369914328
0.5 0 0.7379867369914328
0.5 1 0.7820219302020784
0.5 0.3 0.7489785028205087
0.5 -0.7 0.7379867369914328
0.5 -0.2 0.7379867369914328
0.5 0.1 0.7402458422525791
0.5 0.8 0.7705658526095209
0.5 -0.9 0.7379867369914328
0.5 -0.4 0.7379867369914328
0.5 0.9 0.7775949579823208
0.5 0.6 0.7617580784770632
0.5 -0.6 0.7379867369914328
0.5 -0.1 0.7379867369914328
0.5 0.2 0.743189855064933
0.5 -0.8 0.7379867369914328
0.5 -0.3 0.7379867369914328
0.5 0.5 0.7577917890935878
0.5 0.7 0.76589479513789
0.5 -1 0.7379867369914328
0.5 0.4 0.754809819896333
1 -0.5 0.7379867369914328
1 0 0.7379867369914328
1 1 0.7577917890935878
1 0.3 0.7424562097279372
1 -0.7 0.7379867369914328
1 -0.2 0.7379867369914328
1 0.1 0.7396383044928377
1 0.8 0.754809819896333
1 -0.9 0.7379867369914328
1 -0.4 0.7379867369914328
1 0.9 0.7568573750468485
1 0.6 0.7489785028205087
1 -0.6 0.7379867369914328
1 -0.1 0.7379867369914328
1 0.2 0.7402458422525791
1 -0.8 0.7379867369914328
1 -0.3 0.7379867369914328
1 0.5 0.7461714136916658
1 0.7 0.7510647074626164
1 -1 0.7379867369914328
1 0.4 0.743189855064933
0.4 -0.5 0.7380325438606784
0.4 0 0.7380325438606784
0.4 1 0.7899012372390993
0.4 0.3 0.752952920307123
0.4 -0.7 0.7380325438606784
0.4 -0.2 0.7380325438606784
0.4 0.1 0.7412799106105673
0.4 0.8 0.7823284641393614
0.4 -0.9 0.7380325438606784
0.4 -0.4 0.7380325438606784
0.4 0.9 0.7860664741208361
0.4 0.6 0.7680138146090267
0.4 -0.6 0.7380325438606784
0.4 -0.1 0.7380325438606784
0.4 0.2 0.7466370049269703
0.4 -0.8 0.7380325438606784
0.4 -0.3 0.7380325438606784
0.4 0.5 0.7623656898780372
0.4 0.7 0.7758957074099964
0.4 -1 0.7380325438606784
0.4 0.4 0.7577303248442081
0.9 -0.5 0.7380658708411678
0.9 0 0.7380658708411678
0.9 1 0.7606270371377105
0.9 0.3 0.7421417790149634
0.9 -0.7 0.7380658708411678
0.9 -0.2 0.7380658708411678
0.9 0.1 0.7395938430849476
0.9 0.8 0.7565145963978749
0.9 -0.9 0.7380658708411678
0.9 -0.4 0.7380658708411678
0.9 0.9 0.7577519468446383
0.9 0.6 0.7502480683906131
0.9 -0.6 0.7380658708411678
0.9 -0.1 0.7380658708411678
0.9 0.2 0.7409207313383467
0.9 -0.8 0.7380658708411678
0.9 -0.3 0.7380658708411678
0.9 0.5 0.7481204506533871
0.9 0.7 0.7541877440838134
0.9 -1 0.7380658708411678
0.9 0.4 0.7443149812051785
0.3 -0.5 0.7380335236474852
0.3 0 0.7380335236474852
0.3 1 0.8017149245157538
0.3 0.3 0.7578007116766526
0.3 -0.7 0.7380335236474852
0.3 -0.2 0.7380335236474852
0.3 0.1 0.742248628136086
0.3 0.8 0.7912555222955368
0.3 -0.9 0.7380335236474852
0.3 -0.4 0.7380335236474852
0.3 0.9 0.7965012801052483
0.3 0.6 0.7816658307312144
0.3 -0.6 0.7380335236474852
0.3 -0.1 0.7380335236474852
0.3 0.2 0.7506327450174907
0.3 -0.8 0.7380335236474852
0.3 -0.3 0.7380335236474852
0.3 0.5 0.7725459138533738
0.3 0.7 0.7879947328686364
0.3 -1 0.7380335236474852
0.3 0.4 0.7643440256665838
0.8 -0.5 0.7380325438606784
0.8 0 0.7380325438606784
0.8 1 0.7623656898780372
0.8 0.3 0.7429210110801476
0.8 -0.7 0.7380325438606784
0.8 -0.2 0.7380325438606784
0.8 0.1 0.7396277707134989
0.8 0.8 0.7577303248442081
0.8 -0.9 0.7380325438606784
0.8 -0.4 0.7380325438606784
0.8 0.9 0.7605594501803196
0.8 0.6 0.752952920307123
0.8 -0.6 0.7380325438606784
0.8 -0.1 0.7380325438606784
0.8 0.2 0.7412799106105673
0.8 -0.8 0.7380325438606784
0.8 -0.3 0.7380325438606784
0.8 0.5 0.7495719029189
0.8 0.7 0.7562664008225986
0.8 -1 0.7380325438606784
0.8 0.4 0.7466370049269703
0.2 -0.5 0.7380325438606784
0.2 0 0.7380325438606784
0.2 1 0.8231952723097213
0.2 0.3 0.7680138146090267
0.2 -0.7 0.7380325438606784
0.2 -0.2 0.7380325438606784
0.2 0.1 0.7466370049269703
0.2 0.8 0.8114116710707981
0.2 -0.9 0.7380325438606784
0.2 -0.4 0.7380325438606784
0.2 0.9 0.817986728575755
0.2 0.6 0.7966044304336141
0.2 -0.6 0.7380325438606784
0.2 -0.1 0.7380325438606784
0.2 0.2 0.7577303248442081
0.2 -0.8 0.7380325438606784
0.2 -0.3 0.7380325438606784
0.2 0.5 0.7899012372390993
0.2 0.7 0.803226180375144
0.2 -1 0.7380325438606784
0.2 0.4 0.7823284641393614
0.7 -0.5 0.7376905699858838
0.7 0 0.7376905699858838
0.7 1 0.7669278403328192
0.7 0.3 0.7437308967919135
0.7 -0.7 0.7376905699858838
0.7 -0.2 0.7376905699858838
0.7 0.1 0.7394918042769557
0.7 0.8 0.7608713535755378
0.7 -0.9 0.7376905699858838
0.7 -0.4 0.7376905699858838
0.7 0.9 0.7637148430010909
0.7 0.6 0.7562122314146273
0.7 -0.6 0.7376905699858838
0.7 -0.1 0.7376905699858838
0.7 0.2 0.7418100589963365
0.7 -0.8 0.7376905699858838
0.7 -0.3 0.7376905699858838
0.7 0.5 0.7519519929206201
0.7 0.7 0.7576496654834326
0.7 -1 0.7376905699858838
0.7 0.4 0.7479824234341573
0.1 -0.5 0.7380325438606784
0.1 0 0.7380325438606784
0.1 1 0.8499006271654777
0.1 0.3 0.7966044304336141
0.1 -0.7 0.7380325438606784
0.1 -0.2 0.7380325438606784
0.1 0.1 0.7577303248442081
0.1 0.8 0.8415583821366657
0.1 -0.9 0.7380325438606784
0.1 -0.4 0.7380325438606784
0.1 0.9 0.8453307284283207
0.1 0.6 0.829556935272425
0.1 -0.6 0.7380325438606784
0.1 -0.1 0.7380325438606784
0.1 0.2 0.7823284641393614
0.1 -0.8 0.7380325438606784
0.1 -0.3 0.7380325438606784
0.1 0.5 0.8231952723097213
0.1 0.7 0.8351934030297409
0.1 -1 0.7380325438606784
0.1 0.4 0.8114116710707981
0.6 -0.5 0.7380335236474852
0.6 0 0.7380335236474852
0.6 1 0.7725459138533738
0.6 0.3 0.7463255187643127
0.6 -0.7 0.7380335236474852
0.6 -0.2 0.7380335236474852
0.6 0.1 0.7399942320929126
0.6 0.8 0.7643440256665838
0.6 -0.9 0.7380335236474852
0.6 -0.4 0.7380335236474852
0.6 0.9 0.7677715379620355
0.6 0.6 0.7578007116766526
0.6 -0.6 0.7380335236474852
0.6 -0.1 0.7380335236474852
0.6 0.2 0.742248628136086
0.6 -0.8 0.7380335236474852
0.6 -0.3 0.7380335236474852
0.6 0.5 0.7554789107363618
0.6 0.7 0.7611666657264652
0.6 -1 0.7380335236474852
0.6 0.4 0.7506327450174907
