0.5 -0.5 0.7448968314631756
0.5 0 0.730769115499231
0.5 1 0.7346690927099002
0.5 0.3 0.7330609895267952
0.5 -0.7 0.7474743016583892
0.5 -0.2 0.7398317931426431
0.5 0.1 0.7325294555311673
0.5 0.8 0.734263247836797
0.5 -0.9 0.7497196918419082
0.5 -0.4 0.7434397332442741
0.5 0.9 0.7344704492784007
0.5 0.6 0.7338155750389876
0.5 -0.6 0.7462237610002379
0.5 -0.1 0.7374037908234722
0.5 0.2 0.732790740723344
0.5 -0.8 0.7486388086541497
0.5 -0.3 0.7417855412861947
0.5 0.5 0.7335765261326277
0.5 0.7 0.7340452552375588
0.5 -1 0.7507211219781741
0.5 0.4 0.7333290081764934
1 -0.5 0.7408553089021138
1 0 0.730769115499231
1 1 0.7335765261326277
1 0.3 0.7326631767896136
1 -0.7 0.7426441702737726
1 -0.2 0.7374037908234722
1 0.1 0.7324310014657816
1 0.8 0.7333290081764934
1 -0.9 0.7441920407006609
1 -0.4 0.7398317931426431
1 0.9 0.7334553245576346
1 0.6 0.7330609895267952
1 -0.6 0.7417855412861947
1 -0.1 0.7361118110397395
1 0.2 0.7325294555311673
1 -0.8 0.7434397332442741
1 -0.3 0.7386844463769122
1 0.5 0.7329224377447436
1 0.7 0.7331956377734724
1 -1 0.7448968314631756
1 0.4 0.732790740723344
0.4 -0.5 0.7465440817034553
0.4 0 0.7307691154992308
0.4 1 0.7351430389834779
0.4 0.3 0.7332632815400473
0.4 -0.7 0.7494574209024865
0.4 -0.2 0.7408553089021139
0.4 0.1 0.7325966892745869
0.4 0.8 0.7346690927098999
0.4 -0.9 0.7518920186803253
0.4 -0.4 0.7448968314631754
0.4 0.9 0.7349077619073372
0.4 0.6 0.734156083717248
0.4 -0.6 0.7480666848034926
0.4 -0.1 0.7380525002017493
0.4 0.2 0.7329224377447433
0.4 -0.8 0.7507211219781739
0.4 -0.3 0.743048401409277
0.4 0.5 0.7338740303790172
0.4 0.7 0.7344193222794788
0.4 -1 0.7529885737161436
0.4 0.4 0.7335765261326275
0.9 -0.5 0.7413832035993789
0.9 0 0.7307691154992308
0.9 1 0.7337095264712751
0.9 0.3 0.7327063085102095
0.9 -0.7 0.7432672997829547
0.9 -0.2 0.7376882837839667
0.9 0.1 0.7324385630098746
0.9 0.8 0.7334416111836154
0.9 -0.9 0.7448968314631754
0.9 -0.4 0.7402990033648692
0.9 0.9 0.7335765261326278
0.9 0.6 0.7331507560815618
0.9 -0.6 0.7423651925822681
0.9 -0.1 0.7362512421752454
0.9 0.2 0.7325587046027554
0.9 -0.8 0.7441109754922142
0.9 -0.3 0.739082188806147
0.9 0.5 0.7329997094322501
0.9 0.7 0.7333000159564604
0.9 -1 0.7456452131195007
0.9 0.4 0.7328479732518255
0.3 -0.5 0.7490083881592322
0.3 0 0.730769115499231
0.3 1 0.7358869041489865
0.3 0.3 0.7335765261326278
0.3 -0.7 0.752264655631365
0.3 -0.2 0.7423651925822679
0.3 0.1 0.7327063085102095
0.3 0.8 0.7352960068961426
0.3 -0.9 0.7549921958574421
0.3 -0.4 0.7470662793055494
0.3 0.9 0.7355929506945096
0.3 0.6 0.7346690927098999
0.3 -0.6 0.7507211219781739
0.3 -0.1 0.7390821888061467
0.3 0.2 0.7331507560815618
0.3 -0.8 0.7536833911798891
0.3 -0.3 0.7448968314631754
0.3 0.5 0.7343327948668487
0.3 0.7 0.734986512234329
0.3 -1 0.7562030003535458
0.3 0.4 0.7339701174555358
0.8 -0.5 0.742005690425299
0.8 0 0.7307691154992308
0.8 1 0.7338740303790172
0.8 0.3 0.7327593988990369
0.8 -0.7 0.7440085614031563
0.8 -0.2 0.7380525002017493
0.8 0.1 0.7324494531538235
0.8 0.8 0.7335765261326275
0.8 -0.9 0.745736538416702
0.8 -0.4 0.7408553089021139
0.8 0.9 0.7337260180420875
0.8 0.6 0.7332632815400473
0.8 -0.6 0.743048401409277
0.8 -0.1 0.7364287422068374
0.8 0.2 0.7325966892745869
0.8 -0.8 0.7448968314631754
0.8 -0.3 0.7395578608607989
0.8 0.5 0.7330947665981891
0.8 0.7 0.7334243394468284
0.8 -1 0.7465440817034553
0.8 0.4 0.7329224377447433
0.2 -0.5 0.7529885737161436
0.2 0 0.7307691154992308
0.2 1 0.7372206105294468
0.2 0.3 0.734156083717248
0.2 -0.7 0.756777354975785
0.2 -0.2 0.7448968314631754
0.2 0.1 0.7329224377447433
0.2 0.8 0.7364430959850402
0.2 -0.9 0.7599107402847466
0.2 -0.4 0.7507211219781739
0.2 0.9 0.7368382244266043
0.2 0.6 0.7355929506945096
0.2 -0.6 0.7549921958574421
0.2 -0.1 0.7408553089021139
0.2 0.2 0.7335765261326275
0.2 -0.8 0.7584050532458839
0.2 -0.3 0.7480666848034926
0.2 0.5 0.7351430389834779
0.2 0.7 0.7360312346036267
0.2 -1 0.7613276395456787
0.2 0.4 0.7346690927098999
0.7 -0.5 0.7427610242636429
0.7 0 0.7307691154992308
0.7 1 0.7340772289217771
0.7 0.3 0.7328270244527318
0.7 -0.7 0.7448968314631754
0.7 -0.2 0.7385075967963167
0.7 0.1 0.7324658625726046
0.7 0.8 0.7337474495934019
0.7 -0.9 0.7467685026102687
0.7 -0.4 0.7415288026067763
0.7 0.9 0.7339153866423803
0.7 0.6 0.7334019386869617
0.7 -0.6 0.7438751375956543
0.7 -0.1 0.7366653402426385
0.7 0.2 0.7326444273325691
0.7 -0.8 0.7458531101960884
0.7 -0.3 0.7401355602329044
0.7 0.5 0.7332151381161214
0.7 0.7 0.7335765261326277
0.7 -1 0.7476457309102101
0.7 0.4 0.7330217356828287
0.1 -0.5 0.7613276395456787
0.1 0 0.7307691154992308
0.1 1 0.740685030556267
0.1 0.3 0.7355929506945096
0.1 -0.7 0.7661626669338868
0.1 -0.2 0.7507211219781739
0.1 0.1 0.7335765261326275
0.1 0.8 0.7393505875358268
0.1 -0.9 0.770197232534735
0.1 -0.4 0.7584050532458839
0.1 0.9 0.7400285458827479
0.1 0.6 0.7379517726601871
0.1 -0.6 0.7638825580420187
0.1 -0.1 0.7448968314631754
0.1 0.2 0.7346690927098999
0.1 -0.8 0.7682404614568052
0.1 -0.3 0.7549921958574421
0.1 0.5 0.7372206105294468
0.1 0.7 0.7386597133278175
0.1 -1 0.7720570531191384
0.1 0.4 0.7364430959850402
0.6 -0.5 0.7436949586373204
0.6 0 0.730769115499231
0.6 1 0.7343327948668487
0.6 0.3 0.7329224377447433
0.6 -0.7 0.746006768365043
0.6 -0.2 0.7390821888061467
0.6 0.1 0.7324906766189738
0.6 0.8 0.7339701174555358
0.6 -0.9 0.7480666848034926
0.6 -0.4 0.7423651925822679
0.6 0.9 0.7341560837172478
0.6 0.6 0.7335765261326278
0.6 -0.6 0.7448968314631754
0.6 -0.1 0.7369772729170583
0.6 0.2 0.7327063085102095
0.6 -0.8 0.7470662793055494
0.6 -0.3 0.7408553089021138
0.6 0.5 0.7333716781991907
0.6 0.7 0.7337759697056845
0.6 -1 0.7490083881592322
0.6 0.4 0.7331507560815618
